Pattern
Element
C 351.109 260 344.395 274.71 332.65 289.357 318.292 302.352

Element
C 387.354 351.66 387.17 351.814 386.986 351.97 386.803 352.127
C 473.771 259.998 473.443 259.998 473.115 259.999 472.787 260
C 472.787 260 400.712 260.283 370.621 303.247 387.354 351.66
L 387.354 351.66 387.354 351.66

Element
C 468.855 259.999 467.389 264.437 465.664 268.112 463.835 271.767
C 463.835 271.767 455.239 311.055 442.512 347.951 423.409 378.721

Element
C 515.336 259.992 503.068 313.267 483.783 362.01 459.468 404.915

End
FR Angle
36
End
Line
260 260 486.525 424.58
-1 -1
Line
486.525 424.58 540 260
-1 -1
Line
540 260 260 260
-1 -1
Bezier
403.651 364.369 416.041 331.698 442.606 289.534 467.421 260
0 2
Bezier
467.421 260 442.606 289.534 416.041 331.698 403.651 364.369
-1 -1
Line
260 260 403.651 364.369
-1 -1
Line
403.651 364.369 486.525 424.58
-1 -1
Line
540 260 467.421 260
-1 -1
Line
467.421 260 260 260
-1 -1
Bezier
374.807 343.412 366.164 306.29 367.249 284.666 379.751 260
5 8
Bezier
379.751 260 367.249 284.666 366.164 306.29 374.807 343.412
-1 -1
Line
260 260 374.807 343.412
-1 -1
Line
374.807 343.412 403.651 364.369
-1 -1
Line
467.421 260 379.751 260
-1 -1
Line
379.751 260 260 260
-1 -1
Bezier
453.204 400.371 443.5 348.687 466.069 302.729 479.776 260
6 7
Bezier
479.776 260 466.069 302.729 443.5 348.687 453.204 400.371
-1 -1
Line
403.651 364.369 453.204 400.371
-1 -1
Line
453.204 400.371 486.525 424.58
-1 -1
Line
540 260 479.776 260
-1 -1
Line
479.776 260 467.421 260
-1 -1
Root FRSNode

0 1 2 
3
0 2
0.634153 0.259211
Left FRSNode

5 3 8 
9
0 2
0.799207 0.422668
Left FRSNode
0 
11 9 14 
-1
-1 -1
0 0
End
Right FRSNode
1 
12 3 13 10 
-1
-1 -1
0 0
End
End
Right FRSNode

6 1 7 4 
15
0 2
0.597931 0.829769
Left FRSNode
2 
17 15 20 4 
-1
-1 -1
0 0
End
Right FRSNode
3 
18 1 19 16 
-1
-1 -1
0 0
End
End
End
